const uint8_t level_map[][15] PROGMEM =
{
  {1,1,1,1,1,1,1,1,1,1,1,1,1,1,1},
  {1,0,0,0,0,0,0,0,0,0,0,0,0,0,1},
  {1,0,0,0,0,0,0,0,0,0,0,0,0,0,1},
  {1,0,0,0,1,1,0,0,0,0,0,0,0,0,1},
  {1,0,0,1,1,0,0,0,0,0,0,0,0,0,1},
  {1,0,0,0,0,0,0,1,1,0,0,0,0,0,1},
  {1,0,0,0,0,0,1,1,0,0,0,0,0,0,1},
  {1,0,0,0,1,1,0,0,0,0,0,0,0,0,1},
  {1,0,0,0,1,0,0,0,0,0,1,1,0,0,1},
  {1,0,0,0,0,0,0,0,1,1,1,0,0,0,1},
  {1,0,0,0,0,0,0,1,1,0,0,0,0,0,1},
  {1,0,0,0,0,0,1,1,0,0,0,0,0,0,1},
  {1,0,0,0,0,0,1,0,0,0,0,0,0,0,1},
  {1,0,0,0,0,0,0,0,0,0,0,0,0,0,1},
  {1,1,1,1,1,1,1,1,1,1,1,1,1,1,1}
};